player_evals(1,:)=[0.9915,0.9987,0.9987,0.9973,0.9822,0.9979,0.9944];
player_evals(2,:)=[0.9785,0.9861,0.9952,0.9937,0.9863,1.000,0.9900];
